274415
591676
028026
300697
481054
460675
217775
555579
963912
405584
559948
861249
601668
296622
894798
454105
059725
490089
002160
479437
227479
974115
391105
041836
740425
113328
495053
000552
093135
611746
333121
708110
183990
678535
521139
481366
780547
679477
307209
685335
222910
817738
042939
659758
962928
409349
613794
701272
587784
858565
249005
822667
085276
770139
337865
186055
233781
159736
344304
995410
878624
538997
515197
703079
087941
510141
864422
871404
703821
630260
939523
552054
348273
240675
541321
985321
303132
796380
374420
756237
143147
382166
282382
344383
111861
004064
211132
883794
752222
810243
670497
870982
897368
317253
635773
718934
600869
707903
193879
167359
463349
310565
857814
516841
180315
370148
396893
829548
571960
838699
326764
401598
200717
075062
795582
262864
562112
189483
403315
917505
045793
384000
562379
830225
679411
796776
401033
856906
951701
385421
100643
873035
148149
549805
712951
663648
250161
649050
367732
578441
346357
795809
761095
244956
702522
086150
808630
062612
309443
134369
713606
460743
526771
478877
460958
546313
633467
629933
177594
252460
633984
215526
433279
526609
729658
007300
624282
658490
515366
160301
379536
215106
944637
494660
104273
729046
800115
228663
707060
590923
471650
445443
402685
771699
275794
405109
184260
403090
398553
671768
997055
478083
551004
272983
028694
204430
860734
460945
695147
328709
876694
155511
164912
557254
957345
583228
536874
930361
551658
092563
854198
319477
617730
963361
122084
481410
137742
600139
982665
012508
185478
706741
662608
295817
658374
313223
122593
954382
283038
593011
948779
095361
703262
706675
579775
774164
835178
184403
717765
844611
137706
356187
822862
381289
474893
736044
727712
664990
321435
602375
938011
658329
020539
155997
095712
856502
892946
700509
460769
031976
951880
945778
056605
473458
999514
276987
283598
403574
622238
409627
272103
635096
198814
970076
805844
151013
467774
298686
849368
094149
036589
332665
552815
640966
248230
199183
421788
773611
350329
864143
993344
871331
059200
634004
710088
676413
098151
445268
289588
568877
